	kosarak25k.txt
		0.100
			WASMA
			743.15		185.18
			761.48		183.17
			765.79		185.86
			776.40		186.51
			777.72		185.08
			859.94		183.35
			743.45		185.86
			748.41		187.21
			800.16		188.41
			797.35		185.19
			771.85		185.15
			761.18		182.69
			789.09		190.24
			774.24		182.03
			787.31		185.19
			825.36		181.73
			783.00		187.21
			767.57		187.20
			752.42		185.19
			782.64		187.00
			===================
			755.79		185.86
			765.78		188.49
			740.32		187.20
			745.78		186.54
			754.62		184.45
			737.46		175.68
			753.40		183.84
			774.91		188.52
			802.93		184.25
			760.34		183.16
			802.80		187.22
			791.84		184.90
			766.84		185.82
			739.90		183.54
			768.22		185.85
			806.70		187.75
			742.89		187.72
			729.67		183.84
			812.99		184.24
			741.33		182.88
			PrefixSpan
			180			31.123619079589844
			183			31.14165496826172
			191			31.11608123779297
			180			31.135276794433594
			186			31.1727294921875
			226			31.060501098632812
			204			31.14366912841797
			196			31.11896514892578
			211			31.1087646484375
			195			31.135154724121094
			169			31.140419006347656
			229			31.1427001953125
			173			31.114669799804688
			175			31.15668487548828
			196			31.12702178955078
			216			31.07251739501953
			165			31.146987915039062
			203			31.18061065673828
			213			31.0670166015625
			212			31.035057067871094
			CM-SPADE
			68			2449.0317001342773
			68			2481.0317001342773
			65			2489.0317001342773
			60			2609.0317001342773
			59			2513.0317001342773
			48			2441.0317001342773
			58			2577.0317001342773
			58			2561.0317001342773
			57			2472.8205795288086
			48			2408.7357864379883
			48			2537.0317001342773
			48			2440.7937393188477
			73			2425.0317001342773
			50			2456.7206115722656
			49			2512.0279235839844
			60			2512.020606994629
			67			2473.0317001342773
			57			2457.0317001342773
			48			2569.0317001342773
			48			2456.7625274658203
			LAPIN
			568			238.309722900390629
			585			239.05082702636729
			574			241.843612670898449
			596			241.929023742675789
			638			240.454231262207039
			562			239.025604248046889
			568			239.694755554199229
			567			239.75478363037119
			600			241.87585449218759
			582			240.498161315917979
			563			240.46799468994149
			573			242.79323577880869
			604			242.668319702148449
			586			239.75681304931649
			538			241.13664245605479
			534			240.422370910644539
			594			238.275444030761729
			618			239.690986633300789
			537			241.20713043212899
			563			239.068878173828129
		0.010
			WASMA
			1204.64		282.53
			1168.68		281.24
			1180.82		282.58
			1222.86		274.80
			1245.45		280.47
			1181.65		285.09
			1187.30		281.40
			1198.53		279.75
			1197.06		285.54
			1179.29		281.11
			1188.78		281.18
			1194.23		287.03
			1207.18		282.53
			1208.31		277.34
			1167.08		276.78
			1173.94		278.70
			1212.36		277.77
			1203.12		277.93
			1205.52		278.54
			1200.96		279.89
			===================
			1183.89		281.28
			1174.13		277.86
			1213.98		281.35
			1142.50		279.09
			1182.60		280.02
			1143.21		280.03
			1219.94		284.25
			1165.92		280.75
			1178.52		279.56
			1207.83		281.99
			1161.96		283.15
			1191.17		283.14
			1192.15		289.23
			1145.16		277.38
			1217.32		279.26
			1242.72		286.77
			1199.46		277.67
			1191.39		285.34
			1232.77		287.18
			1178.27		281.39
			PrefixSpan
			274			51.67964172363281
			304			51.67539978027344
			301			51.63905334472656
			284			51.649574279785156
			269			51.75041198730469
			261			51.67566680908203
			287			51.708740234375
			263			51.74639892578125
			335			51.66596984863281
			258			51.770416259765625
			259			51.67157745361328
			250			51.664894104003906
			273			51.71025085449219
			299			51.683189392089844
			256			51.686737060546875
			264			51.707855224609375
			250			51.64545440673828
			300			51.63525390625
			282			51.630645751953125
			289			51.67872619628906
			CM-SPADE
			251			2633.0317001342773
			236			2393.0317001342773
			145			2697.079818725586
			142			2545.0317001342773
			146			2552.7185287475586
			211			2353.1423873901367
			150			2663.992706298828
			164			2569.0317001342773
			142			2569.0317001342773
			144			2616.8408966064453
			239			2417.0317001342773
			144			2600.7515716552734
			144			2616.840530395508
			143			2601.0317001342773
			245			2617.0317001342773
			144			2664.066093444824
			145			2616.05233001709
			143			2616.888740539551
			265			2393.063133239746
			144			2521.0317001342773
			LAPIN
			2117			433.38748931884766399
			2123			433.02974700927734399
			2174			433.02974700927734399
			2134			436.50060272216797399
			2135			432.2254409790039399
			2204			435.21630096435547399
			2179			436.8383255004883399
			2203			422.19153594970703399
			2099			433.02974700927734399
			2105			438.50696563720703399
			2150			432.0891647338867399
			2124			419.3433609008789399
			2211			434.18565368652344399
			2129			424.78973388671875399
			2212			426.5238265991211399
			2126			436.5009002685547399
			2208			430.8967819213867399
			2180			436.9203109741211399
			2117			432.22872161865234399
			2208			436.30687713623047399
		0.001
			WASMA
			10624.28		1392.33
			10797.72		1081.48
			10705.07		1194.81
			10824.16		1201.16
			10869.50		1659.40
			10973.15		1300.47
			11378.36		469.72
			10876.19		2144.38
			12092.30		884.79
			10674.10		4081.83
			11012.47		1033.90
			10535.66		1432.62
			10710.51		1067.42
			9588.07		2818.56
			9584.71		2724.49
			10833.48		1075.62
			10747.48		1229.14
			10678.46		1162.80
			10639.63		1205.28
			10629.12		1339.15
			===================
			timeout
			PrefixSpan
			timeout
			CM-SPADE
			timeout
			LAPIN
			timeout
	BMS1_spmf.txt
		0.100
			WASMA
			716.16		299.95
			756.90		299.95
			764.55		299.95
			786.72		299.24
			736.85		319.62
			754.12		332.72
			762.93		302.80
			761.35		321.83
			777.90		264.95
			775.07		322.56
			777.68		301.66
			772.35		299.64
			761.06		300.52
			743.24		298.77
			757.88		321.81
			753.92		321.83
			798.79		325.50
			757.46		302.81
			786.10		322.56
			799.62		323.30
			===================
			766.73		301.36
			767.60		301.08
			786.66		322.54
			789.44		299.95
			729.80		302.21
			795.36		265.77
			795.05		322.55
			772.87		321.83
			802.19		321.83
			758.89		299.33
			772.49		303.32
			757.58		299.38
			779.64		299.95
			775.71		320.36
			761.24		299.84
			744.14		302.22
			750.05		301.09
			772.15		299.08
			738.50		298.48
			766.17		302.78
			PrefixSpan
			155			0.0
			123			0.0
			164			0.0
			135			0.0
			167			0.0
			152			0.0
			143			0.0
			141			0.0
			142			0.0
			123			0.0
			135			0.0
			133			0.0
			129			0.0
			168			0.0
			141			0.0
			140			0.0
			167			0.0
			132			0.0
			123			0.0
			133			0.0
			CM-SPADE
			19			332.9350891113281
			18			330.92704010009766
			17			332.67652893066406
			17			332.63739013671875
			18			332.0655059814453
			12			265.97830963134766
			18			333.2628402709961
			17			330.80474853515625
			17			329.53045654296875
			16			331.74808502197266
			17			335.15506744384766
			17			329.33434295654297
			12			264.8976745605469
			18			333.7725296020508
			17			330.2935485839844
			17			330.9129867553711
			17			331.2070617675781
			17			330.87467193603516
			17			331.4796905517578
			17			330.6030731201172
			LAPIN
			321			83.701522827148440
			318			81.697349548339840
			310			84.187568664550780
			330			82.713058471679690
			360			82.366744995117190
			294			83.312431335449220
			314			83.58876800537110
			330			82.602264404296880
			308			84.26418304443360
			331			82.422843933105470
			323			83.38694000244140
			351			82.496673583984380
			295			83.393524169921880
			337			82.411163330078120
			332			82.652725219726560
			301			82.57312011718750
			331			82.544845581054690
			311			82.520828247070310
			335			81.664840698242190
			294			82.78708648681640
		0.010
			WASMA
			998.57		403.23
			995.75		373.48
			979.17		366.70
			1004.55		388.83
			1009.45		386.16
			997.83		380.16
			1041.95		401.13
			1053.38		400.13
			1016.82		388.50
			1022.49		385.70
			993.61		386.94
			1016.23		401.92
			1046.29		263.60
			1033.05		401.61
			1002.94		384.33
			945.82		388.32
			1037.89		401.31
			957.39		386.31
			1004.95		386.50
			1001.81		400.73
			===================
			939.09		257.29
			927.02		246.15
			967.83		247.45
			928.93		252.05
			947.65		247.51
			928.34		259.45
			935.41		248.38
			960.46		251.21
			935.41		258.51
			962.93		261.65
			935.19		251.15
			997.27		258.63
			978.62		253.11
			996.32		259.83
			933.46		258.23
			1004.79		262.95
			945.16		261.39
			933.78		261.62
			964.00		258.87
			954.91		257.54
			PrefixSpan
			188			38.87342071533203
			198			38.891563415527344
			254			38.62298583984375
			223			38.64295959472656
			227			37.97480773925781
			198			38.932861328125
			213			38.92652893066406
			225			38.91120147705078
			236			38.5758056640625
			223			38.96228790283203
			227			38.93077850341797
			179			38.930702209472656
			194			39.00848388671875
			193			38.88910675048828
			198			38.93085479736328
			223			38.86309051513672
			198			38.93836212158203
			227			38.91407775878906
			189			38.89733123779297
			225			38.64362335205078
			CM-SPADE
			121			275.40211486816406
			138			243.56045532226562
			156			252.99014282226562
			140			273.71363830566406
			131			258.1131820678711
			114			273.67901611328125
			135			257.29788970947266
			124			256.1339645385742
			139			243.9695587158203
			122			270.3123245239258
			82			304.68113708496094
			125			271.57955169677734
			134			255.83810424804688
			82			304.2189254760742
			126			256.6949005126953
			144			242.76973724365234
			135			257.57042694091797
			87			306.3880081176758
			91			317.71148681640625
			93			305.2143096923828
			LAPIN
			1028			400.7816085815429777
			1006			403.8833007812577
			1001			398.164428710937577
			1023			403.459419250488377
			936			401.204910278320377
			941			401.017913818359477
			920			395.990211486816477
			924			399.7960357666015677
			931			396.1434173583984477
			1003			398.1652450561523477
			946			403.245948791503977
			914			402.230392456054777
			953			402.902122497558677
			1024			393.489059448242277
			979			393.9226913452148477
			978			392.339546203613377
			1007			399.168800354003977
			1021			397.149368286132877
			918			398.5724029541015677
			1037			398.175148010253977
		0.001
			WASMA
			3324.40		1625.30
			3354.24		1497.16
			3324.41		1489.01
			3349.11		1600.43
			3364.91		1484.96
			3325.75		1566.37
			3356.75		1596.81
			3358.73		2596.13
			3338.25		1610.56
			3321.83		1645.70
			3408.36		1617.50
			3359.98		1598.06
			3383.88		1615.25
			3321.19		1677.70
			3318.28		1604.83
			3342.98		2852.51
			3441.24		2642.38
			3342.17		2595.19
			3368.88		1599.94
			3367.12		1533.97
			===================
			1875.90		629.68
			2008.53		632.59
			1965.31		664.85
			1986.92		648.92
			1954.08		650.15
			1939.67		645.75
			1907.92		646.45
			2004.93		715.68
			1972.74		636.41
			1978.18		650.25
			1900.70		666.18
			1957.47		633.22
			1939.14		647.41
			2011.24		664.35
			1955.66		665.85
			2058.05		745.23
			1972.65		652.51
			2030.86		665.19
			1942.27		667.20
			2018.56		411.09
			PrefixSpan
			583			216.70553588867188
			580			216.59632873535156
			592			216.41619873046875
			592			216.57814025878906
			573			216.30645751953125
			623			216.04409790039062
			570			216.47769165039062
			587			216.7860870361328
			583			216.73675537109375
			597			216.54457092285156
			597			216.92474365234375
			647			216.47137451171875
			591			216.36895751953125
			566			216.4776611328125
			572			216.55521392822266
			608			216.56964111328125
			574			216.57530212402344
			603			216.22975158691406
			611			216.44195556640625
			577			216.489990234375
			CM-SPADE
			2861			1339.9326858520508
			2787			497.4171447753906
			2557			849.7169799804688
			3106			779.0587387084961
			2931			720.7390594482422
			2608			878.0635681152344
			2435			783.9570999145508
			2831			1298.909912109375
			2628			421.94779205322266
			2732			575.1783599853516
			2733			578.6682891845703
			3172			734.2789459228516
			2675			1085.4326782226562
			3181			908.1109237670898
			2893			1322.1753692626953
			2999			2410.081512451172
			3152			907.7043151855469
			2932			1382.981788635254
			2870			1302.1292266845703
			2613			834.3681564331055
			LAPIN
			4939			590.41753387451173991
			4946			611.64211273193363991
			4988			596.21872711181643991
			5007			612.21866607666023991
			5010			588.70427703857423991
			4866			608.14134216308593991
			4863			604.37791442871093991
			4933			604.06217956542973991
			5035			602.83319854736333991
			5077			623.58856964111333991
			4902			594.49546051025393991
			4949			595.59639739990233991
			4988			596.21889495849613991
			4801			610.17835998535163991
			4968			592.45780181884773991
			4957			588.37789916992193991
			4991			602.34114074707033991
			4961			602.33641815185553991
			5005			616.00934600830083991
			4916			607.58624267578123991
	BIBLE.txt
		0.100
			WASMA
			4347.84		1153.04
			4531.71		771.75
			4478.93		798.80
			4433.84		1129.69
			4587.76		812.66
			4318.99		1145.46
			4380.29		859.87
			4613.98		791.44
			4503.22		778.10
			4513.99		857.33
			4654.74		943.03
			4607.44		1039.04
			4269.46		1144.66
			4713.08		872.26
			4278.32		1140.41
			4236.67		1149.10
			4374.91		792.67
			4549.84		797.50
			4429.60		794.54
			4225.08		1145.29
			===================
			4714.33		1001.54
			4708.70		899.66
			4788.95		777.36
			4813.33		943.04
			4785.26		964.31
			4745.51		847.04
			4736.07		855.69
			4749.06		836.45
			4765.37		829.32
			4949.35		1063.14
			5185.71		892.58
			5159.71		946.13
			5347.90		895.04
			5155.79		886.00
			4839.01		1122.72
			4833.78		1075.24
			5074.79		867.17
			5415.99		945.09
			4904.48		933.10
			4927.02		1050.83
			PrefixSpan
			867			246.3345489501953
			937			246.54083251953125
			919			246.43873596191406
			932			246.39755249023438
			929			246.43734741210938
			952			246.48536682128906
			878			246.44769287109375
			893			246.4064483642578
			912			246.5580291748047
			958			246.3531494140625
			896			246.52517700195312
			890			245.87711334228516
			967			246.37933349609375
			904			246.39418029785156
			821			246.41002655029297
			884			246.46978759765625
			859			246.46556091308594
			834			246.4117889404297
			895			246.4414520263672
			889			246.37913513183594
			CM-SPADE
			528			3185.0297470092773
			482			3521.0297470092773
			506			3265.0297470092773
			500			3057.0297470092773
			526			3057.0297470092773
			553			3065.0297470092773
			525			3617.0297470092773
			521			3289.0297470092773
			508			3073.0317001342773
			508			3145.0297470092773
			487			3617.0297470092773
			544			3201.0297470092773
			464			3433.0520095825195
			550			3145.0297470092773
			587			3561.0297470092773
			651			3033.0297470092773
			597			3217.0297470092773
			624			3169.0297470092773
			480			3609.0297470092773
			483			3521.0297470092773
			LAPIN
			7975			1569.0297470092773174
			7640			1553.0212707519531174
			7447			1495.1066360473633174
			7560			1588.8817901611328174
			7534			1533.4182739257812174
			7508			1495.7458419799805174
			7458			1569.0297470092773174
			7563			1497.0154571533203174
			7562			1527.4231643676758174
			7713			1568.0450057983398174
			7626			1585.0297470092773174
			7640			1585.0297470092773174
			7733			1583.4489669799805174
			7421			1576.6702041625977174
			7682			1595.802734375174
			7489			1592.733009338379174
			7487			1500.8898696899414174
			7435			1508.3135223388672174
			7575			1584.478904724121174
			7495			1549.4074020385742174
		0.010
			WASMA
			34040.91		2178.68
			33141.81		2855.05
			32921.85		3620.40
			34404.48		3051.95
			33603.63		2873.76
			34791.69		6468.24
			32954.23		3641.08
			32748.85		3907.28
			34424.17		1657.37
			33994.66		1761.28
			30443.61		6094.54
			34593.44		1872.61
			34940.16		6038.87
			33195.60		1886.08
			33045.03		2388.20
			33086.64		1148.84
			33120.34		4431.04
			33114.35		4560.79
			34621.71		1497.67
			33639.75		4751.40
			===================
			48767.84		2312.02
			49587.60		7536.83
			49878.23		7126.83
			49961.71		6313.53
			49691.65		981.09
			49125.76		1421.17
			49745.09		1520.42
			49328.74		6717.38
			49466.97		6928.16
			49373.93		1034.30
			49402.53		7009.81
			48829.89		4273.66
			49342.26		7030.56
			48985.77		7265.73
			45720.30		7057.03
			50092.90		7028.71
			48919.34		6369.25
			48222.80		2731.90
			48690.57		2339.28
			49196.75		1231.94
			PrefixSpan
			7747			638.6529006958008
			7712			606.824348449707
			7799			623.1400299072266
			7776			618.8148345947266
			7677			618.8902816772461
			7758			603.4511108398438
			7737			591.0417709350586
			7793			590.4247131347656
			7859			637.2915649414062
			7822			574.9989700317383
			7699			654.3224716186523
			7835			618.8820419311523
			7764			586.8947067260742
			7697			606.895637512207
			7811			587.1981506347656
			7604			622.9873886108398
			7710			622.0669021606445
			7649			587.5086517333984
			7693			606.805046081543
			7675			619.8345794677734
			CM-SPADE
			22921			12475.137687683105
			24180			9724.66049194336
			22818			12904.106735229492
			22968			11245.408210754395
			24049			7863.435684204102
			22821			12487.081642150879
			22724			12164.918701171875
			22775			12564.419868469238
			22634			11163.8920211792
			24058			11196.19856262207
			22840			12362.166938781738
			24138			12699.669891357422
			22123			5237.355194091797
			22851			8224.803115844727
			22684			8838.675651550293
			22738			9122.904846191406
			22668			11134.95809173584
			24077			8241.063133239746
			22640			8705.972129821777
			23060			12490.244873046875
			LAPIN
			167296			2253.943626403808623340
			168680			2348.990669250488323340
			167600			2158.3326034545923340
			165841			2281.52787780761723340
			166820			2049.578392028808623340
			166900			2052.31881713867223340
			166706			2098.0682754516623340
			167194			2515.18027496337923340
			167940			2215.53359222412123340
			168179			2599.30817413330123340
			167875			2137.893318176269523340
			167933			2157.75554656982423340
			166453			2179.45242309570323340
			167709			2210.923545837402323340
			168363			2314.14125823974623340
			168243			2088.587455749511723340
			169348			2281.017814636230523340
			169319			2180.48387145996123340
			167049			2157.561546325683623340
			167535			2014.139076232910223340
		0.001
			WASMA
			312471.63		6616.96
			316692.00		6284.11
			315392.93		8698.99
			315744.66		6278.88
			313036.83		6307.57
			316727.73		6804.23
			313995.81		6213.45
			314854.94		7925.78
			312473.82		6431.25
			315814.41		6519.45
			313147.59		7902.71
			313902.64		6251.96
			305975.65		6704.15
			300688.94		6272.14
			292025.24		6481.70
			299395.07		6245.85
			297190.33		6580.51
			292156.78		6213.06
			308286.29		6437.85
			318387.10		6748.41
			===================
			608476.33		6895.81
			599981.73		3728.82
			607470.72		1020.01
			292156.78		6213.06
			561235.95		4256.38
