	kosarak25k.txt
		0.100
			WASMA
			1045,91		195,42
			1060,29		191,19
			1315,95		206,29
			1043,97		196,68
			1125,99		195,43
			985,70		196,68
			1137,04		200,77
			1138,40		196,68
			1034,22		201,88
			1170,54		196,68
			1006,20		197,93
			1154,13		199,66
			1070,72		191,66
			1063,16		191,66
			1034,75		197,93
			1157,65		191,19
			1034,13		195,42
			1042,80		191,66
			1074,34		195,42
			1027,79		191,66
			===================
			1040,30		191,66
			992,58		192,91
			1027,61		192,91
			1050,32		194,67
			1023,92		191,66
			1024,46		195,42
			1117,89		191,66
			946,69		192,91
			1104,03		196,68
			1013,42		192,91
			1379,17		206,25
			1351,77		205,20
			1235,58		207,37
			1242,55		205,19
			1194,00		204,09
			1236,65		209,87
			1335,54		206,28
			1160,12		204,09
			1366,67		202,87
			1131,67		201,86
			PrefixSpan
			310			23.464599609375
			247			23.47765350341797
			243			23.44506072998047
			247			23.415130615234375
			276			23.45659637451172
			319			23.446006774902344
			320			23.4298095703125
			260			23.408607482910156
			318			23.421348571777344
			314			23.43921661376953
			339			23.45806121826172
			262			23.47222900390625
			313			23.54419708251953
			303			23.47966766357422
			249			23.45246124267578
			343			23.46880340576172
			260			23.473854064941406
			324			23.423782348632812
			239			23.425750732421875
			314			23.484642028808594
			CM-SPADE
			93			2327.921875
			95			2335.921875
			86			2343.921875
			196			2259.921875
			91			2331.921875
			235			2247.921875
			187			2251.921875
			93			2347.921875
			112			2355.921875
			91			2367.921875
			92			2343.921875
			92			2347.921875
			103			2335.921875
			94			2347.921875
			89			2499.921875
			93			2359.921875
			100			2363.921875
			229			2267.921875
			92			2363.921875
			211			2227.921875
			LAPIN
			899			251.231933593759
			856			251.230957031259
			871			252.886230468759
			831			251.00937652587899
			1033			251.228027343759
			879			251.227050781259
			884			246.71386718759
			1006			251.005645751953129
			907			251.2324218759
			1012			252.2871093759
			923			253.73730468759
			1014			251.0090332031259
			883			252.885253906259
			905			251.231933593759
			961			249.613769531259
			930			247.9218759
			826			248.162567138671889
			925			252.665351867675789
			816			249.35871887207039
			1038			253.7285156259
		0.010
			WASMA
			1869,07		219,62
			2081,57		205,04
			1876,09		203,44
			1804,13		262,69
			1848,92		205,71
			2039,26		228,07
			2007,29		265,22
			1993,50		204,22
			1820,27		265,11
			2005,97		200,90
			2024,25		221,92
			2048,69		202,62
			1910,37		201,64
			2010,33		217,63
			1819,34		260,51
			2006,16		204,16
			2021,20		201,63
			1903,72		247,39
			1883,38		265,24
			1907,98		204,31
			===================
			2015,54		205,19
			1760,22		262,16
			1812,53		263,58
			2008,88		203,48
			1988,19		201,94
			2033,32		201,88
			1824,84		213,67
			2019,84		201,60
			1757,52		265,22
			2012,12		208,21
			1848,61		201,15
			1834,66		263,57
			1783,75		262,16
			2055,70		198,41
			1944,99		260,51
			1750,96		262,16
			1896,86		203,60
			1965,64		203,52
			2066,13		205,20
			1770,92		268,18
			PrefixSpan
			446			49.53258514404297
			426			49.51258850097656
			434			49.4744873046875
			438			49.60923767089844
			457			49.550743103027344
			411			49.48651885986328
			388			49.505210876464844
			427			49.508453369140625
			347			49.53167724609375
			467			49.51396179199219
			430			49.539634704589844
			438			49.468650817871094
			357			49.545936584472656
			376			49.53385925292969
			412			49.56605529785156
			379			49.514617919921875
			438			49.51499938964844
			448			49.554534912109375
			415			49.49378204345703
			458			49.55549621582031
			CM-SPADE
			303			2503.921875
			299			2527.921875
			297			2511.921875
			330			2479.9552612304688
			299			2492.0345153808594
			419			2376.0345153808594
			302			2500.0345153808594
			283			2544.0345153808594
			346			2335.921875
			327			2471.9552612304688
			319			2471.9552612304688
			325			2504.0345153808594
			312			2492.0345153808594
			427			2384.0345153808594
			327			2487.9552612304688
			296			2475.9552612304688
			288			2527.921875
			338			2495.944137573242
			393			2384.0345153808594
			422			2400.0345153808594
			LAPIN
			2990			415.921875399
			2679			423.720703125399
			2825			427.76399993896484399
			2789			414.88720703125399
			2892			423.921875399
			2848			423.75048828125399
			2668			427.44532775878906399
			3103			423.921875399
			2641			423.921875399
			2767			426.47265625399
			2807			431.73193359375399
			2643			427.75587463378906399
			2856			423.74853515625399
			2721			427.753662109375399
			2816			423.921875399
			2713			423.921875399
			2770			423.748046875399
			2826			426.24853515625399
			2717			426.52490234375399
			2860			414.88623046875399
		0.001
			WASMA
			10683,78		3330,04
			11029,19		4244,71
			10643,88		1142,38
			11160,44		1076,82
			10906,96		1464,91
			9881,77		993,72
			10556,07		2007,46
			10775,32		1089,55
			10733,29		1340,41
			11113,49		1039,13
			10351,76		3418,20
			10562,99		3371,31
			10217,96		454,58
			10714,20		3849,48
			10485,27		3400,76
			10768,14		905,66
			10303,52		3324,73
			10811,76		1033,01
			10844,47		440,67
			10486,49		3209,28
			===================
