	kosarak25k.txt
		0.100
			WASMA
			997,74		208,75
			1012,45		207,60
			984,09		207,58
			981,62		212,66
			1161,67		214,86
			1136,28		212,66
			1043,57		211,50
			1040,54		212,65
			981,48		212,65
			948,08		211,49
			===================
			1170,05		211,49
			1128,74		211,49
			1038,44		211,49
			990,58		216,74
			1012,88		211,49
			1014,37		210,34
			1071,80		212,65
			986,28		207,58
			1044,75		209,83
			936,46		207,59
			PrefixSpan
			277			23.447486877441406
			216			23.408607482910156
			234			23.440887451171875
			275			23.447532653808594
			217			23.463653564453125
			287			23.486236572265625
			229			23.42424774169922
			286			23.422958374023438
			271			23.46025848388672
			219			23.426788330078125
			CM-SPADE
			76			2343.921875
			93			2343.921875
			105			2335.921875
			93			2495.921875
			215			2259.921875
			88			2387.921875
			107			2359.921875
			91			2491.921875
			74			2503.921875
			90			2335.921875
			LAPIN
			966			249.5554199218759
			900			249.576652526855479
			853			251.23339843759
			913			252.877922058105479
			747			246.710449218759
			1055			252.275878906259
			903			247.9218759
			870			248.11704254150399
			821			247.9218759
			905			252.876464843759
		0.010
			WASMA
			1957,37		267,66
			1935,08		272,46
			1812,75		267,67
			1925,84		265,31
			1997,18		269,26
			1810,35		261,82
			2007,91		238,15
			1763,59		269,26
			1822,12		266,07
			1923,84		267,70
			===================
			1916,83		247,66
			1958,31		243,07
			1752,68		241,43
			1954,36		248,46
			1764,84		241,33
			1863,06		246,86
			1712,33		249,26
			1741,94		241,43
			1895,39		210,67
			1811,80		253,41
			PrefixSpan
			417			49.53704833984375
			341			49.54387664794922
			340			49.481483459472656
			460			49.4566650390625
			431			49.48826599121094
			479			49.520408630371094
			346			49.46128845214844
			423			49.50049591064453
			451			49.526771545410156
			343			49.51222229003906
			CM-SPADE
			293			2508.0345153808594
			315			2503.921875
			294			2495.921875
			290			2503.921875
			318			2504.0345153808594
			334			2495.944137573242
			318			2516.0345153808594
			285			2551.921875
			292			2499.921875
			310			2495.9552612304688
			LAPIN
			2883			396.3926544189453399
			2754			423.921875399
			2661			426.53125399
			2663			426.53125399
			2805			420.22791290283203399
			2706			426.525390625399
			2826			420.59228515625399
			2828			424.89015197753906399
			2691			414.87841796875399
			2746			432.88096618652344399
		0.001
			WASMA
			25320,64		4126,81
			25141,77		3319,67
			24913,08		3647,66
			25030,43		3347,66
			25206,41		3683,67
			25988,14		2221,08
			24865,64		3531,66
			25209,42		3807,66
			24838,06		3459,66
			24861,00		4082,40
			===================
timeout
			PrefixSpan
timeout
			CM-SPADE
timeout
			LAPIN
timeout
	BMS1_spmf.txt
		0.100
			WASMA
			884,43		275,93
			902,16		261,80
			898,63		260,24
			882,65		275,93
			924,22		263,20
			1039,60		283,89
			1030,52		275,56
			1030,95		281,09
			1006,45		279,66
			1054,97		261,69
			===================
			1044,06		277,71
			1016,53		281,08
			999,63		279,66
			1031,94		289,08
			1014,87		279,49
			1017,42		282,51
			1037,90		271,66
			1023,47		267,86
			1002,93		283,95
			1040,39		281,09
			PrefixSpan
			225			0.0
			274			0.0
			244			0.0
			248			0.0
			279			0.0
			238			0.0
			251			0.0
			240			0.0
			245			0.0
			235			0.0
			CM-SPADE
			37			282.76158142089844
			16			301.4953308105469
			36			275.84617614746094
			41			274.7685546875
			14			355.4976043701172
			15			344.85707092285156
			17			301.2481384277344
			35			280.04730224609375
			15			301.3858184814453
			15			303.8616027832031
			LAPIN
			576			116.39601898193360
			648			116.347343444824220
			545			116.333038330078120
			520			115.444046020507810
			504			116.401039123535160
			623			118.686714172363280
			582			122.812492370605470
			479			118.727966308593750
			540			118.693321228027340
			644			121.048309326171880
		0.010
			WASMA
			1451,27		385,14
			1628,96		383,26
			1400,92		373,66
			1507,92		378,87
			1393,10		372,67
			1454,03		382,38
			1442,57		373,19
			1421,39		373,19
			1616,33		387,37
			1450,10		383,09
			===================
			1427,20		373,42
			1297,56		410,21
			1318,36		402,10
			1511,19		372,11
			1473,74		374,35
			1400,82		377,51
			1559,36		377,36
			1375,01		373,19
			1386,51		373,66
			1415,68		373,66
			PrefixSpan
			312			29.629722595214844
			337			29.575218200683594
			331			29.64532470703125
			332			29.584556579589844
			253			30.171279907226562
			290			29.596595764160156
			255			29.58697509765625
			298			29.597671508789062
			309			29.570968627929688
			318			29.60755157470703
			CM-SPADE
			153			312.0930404663086
			126			342.58277893066406
			144			310.55989837646484
			149			314.01000213623047
			145			338.6731414794922
			123			341.18898010253906
			149			307.8341827392578
			132			351.6099090576172
			135			303.09657287597656
			125			341.37242126464844
			LAPIN
			1458			399.665039062577
			1393			351.5850448608398477
			1542			401.8549804687577
			1332			399.6430664062577
			1441			379.552688598632877
			1363			356.6241302490234477
			1414			399.829269409179777
			1648			354.43554687577
			1448			399.6704101562577
			1328			399.6533126831054777
		0.001
			WASMA
			4025,33		2249,95
			3997,21		1797,72
			4066,53		2280,45
			3772,82		1076,87
			3693,74		1449,26
			3661,06		1457,42
			4107,34		1738,86
			4059,80		2197,56
			3868,17		1752,10
			3822,22		1798,06
			===================
			2996,41		704,53
			3164,11		715,32
			3044,53		654,59
			2818,44		648,31
			2973,28		674,49
			2870,97		652,12
			3010,32		672,12
			2935,92		622,59
			2949,58		634,49
			3114,70		707,26
			PrefixSpan
			778			158.72087860107422
			842			159.00759887695312
			882			159.01566314697266
			837			159.00338745117188
			814			158.75982666015625
			826			158.78487396240234
			854			158.72541046142578
			872			158.71131134033203
			821			159.0541000366211
			865			158.4889144897461
			CM-SPADE
			3401			3077.93017578125
			3133			596.4792251586914
			3115			1153.6670455932617
			3314			560.3481216430664
			3207			1462.5713500976562
			3161			2026.53466796875
			3401			3117.808250427246
			3313			3122.9420013427734
			3147			2179.103515625
			3089			2094.7719802856445
			LAPIN
			6978			598.675781253991
			6768			614.646972656253991
			6910			614.6621093753991
			6867			606.678222656253991
			6866			619.2968753991
			6778			614.679199218753991
			6721			614.668457031253991
			6788			615.9218753991
			6744			615.9218753991
			6660			614.6718753991
	BIBLE.txt
		0.100
			WASMA
			7316,18		985,38
			6800,41		1015,66
			6483,44		1003,67
			6409,76		999,66
			6614,35		999,67
			6752,53		987,67
			7046,38		1009,33
			6896,25		995,67
			6915,82		1015,67
			6830,62		1007,67
			===================
			6662,98		983,66
			6935,77		937,33
			6855,50		959,67
			6520,62		951,67
			6366,56		945,33
			6966,54		963,67
			6420,02		955,67
			6979,28		889,43
			6804,06		945,34
			6718,93		939,67
			PrefixSpan
			852			155.39852905273438
			787			157.01768493652344
			810			156.99777221679688
			844			155.42616271972656
			929			156.1280059814453
			915			155.40555572509766
			954			156.0595245361328
			982			155.42989349365234
			924			156.22245025634766
			920			155.38482666015625
			CM-SPADE
			664			3127.921875
			700			3167.921875
			663			3195.921875
			810			3143.921875
			689			3103.921875
			757			3111.921875
			753			3151.921875
			720			3135.921875
			598			3111.921875
			751			3223.921875
			LAPIN
			7543			1451.923828125174
			7643			1523.921875174
			7803			1531.921875174
			7641			1523.921875174
			7650			1503.921875174
			7829			1527.921875174
			7777			1515.921875174
			7719			1527.921875174
			7770			1527.921875174
			7742			1515.921875174
		0.010
			WASMA
			143735,92		4939,66
			142788,30		4143,66
			134785,77		4759,66
			138828,50		5115,66
			139268,51		4987,66
			135908,60		5003,66
			145168,12		4747,66
			141947,29		4983,67
			146616,67		4459,66
			137147,45		4683,66
			===================
			136992,75		5037,32
			137156,65		5073,52
			135396,81		5481,97
			134206,88		4976,27
			142097,92		5109,58
			133152,86		5193,41
			133423,38		5085,57
			131651,43		5073,57
			132543,00		5464,41
			119291,76		5113,68
			PrefixSpan
			7180			508.81168365478516
			7326			508.79864501953125
			7334			508.72755432128906
			7330			508.7659606933594
			7282			627.1484680175781
			7245			505.4887008666992
			7383			544.1535720825195
			7363			496.6505126953125
			7554			482.5066604614258
			7341			563.4410400390625
			CM-SPADE
			21195			4391.264556884766
			21436			8967.996978759766
			21548			9028.090827941895
			20032			3816.9359436035156
			21255			9115.996978759766
			21236			9059.996978759766
			21626			7555.237976074219
			20947			9159.996978759766
			21472			4175.799713134766
			21362			3834.2743225097656
			LAPIN
			179070			1843.92187523340
			175007			1851.92187523340
			183204			1859.92187523340
			174251			1847.92187523340
			175737			1843.92187523340
			184330			1855.92187523340
			173074			1843.92187523340
			179813			1843.92187523340
			187253			1859.92187523340
			180792			1843.92187523340
		0.001
			WASMA
					
					
					
					
					
					
					
					
					
					
			===================
timeout
			PrefixSpan
			166762			1371.8603515625
			166859			1309.4482421875
			168806			1348.197265625
			167948			1357.53857421875
			166609			1371.92333984375
			168319			1355.74365234375
			167928			1339.94482421875
			168844			1371.86865234375
			168786			1371.34375
			167979			1371.9287109375
			CM-SPADE
timeout
			LAPIN
timeout
