	kosarak25k.txt
		0.100
			WASMA
			1079,44		199,19
			1064,05		191,66
			1068,62		197,93
			1032,05		192,91
			1091,84		196,68
			1013,43		196,68
			1274,04		197,93
			1039,89		196,68
			1074,17		195,42
			1068,34		196,68
			1074,53		196,68
			1024,83		191,66
			1113,33		192,91
			1148,19		196,68
			1139,43		205,20
			1205,21		199,66
			1259,89		207,41
			1076,09		191,66
			1073,64		195,42
			1127,07		199,19
			===================
			1055,92		199,19
			993,47		196,68
			1038,38		196,68
			1311,68		205,21
			993,45		191,19
			1122,04		200,91
			1060,49		191,66
			1002,98		197,93
			1029,55		193,41
			1055,89		191,19
			1331,03		204,09
			1311,86		204,07
			1258,30		209,75
			1502,51		207,95
			1828,08		211,28
			1717,66		205,18
			1910,46		199,80
			2821,81		206,37
			1715,35		206,30
			1429,57		213,95
			PrefixSpan
			334			23.449806213378906
			328			23.428977966308594
			236			23.41590118408203
			381			23.47472381591797
			538			26.809036254882812
			343			23.450782775878906
			320			23.418067932128906
			297			23.457717895507812
			311			23.46147918701172
			308			23.446640014648438
			307			23.430252075195312
			338			23.462791442871094
			328			23.436264038085938
			383			23.464111328125
			324			23.435256958007812
			340			23.423500061035156
			351			23.431922912597656
			383			23.499649047851562
			353			23.467979431152344
			295			23.47509002685547
			CM-SPADE
			101			2335.921875
			101			2339.921875
			108			2355.921875
			93			2343.921875
			91			2351.921875
			96			2347.921875
			81			2531.921875
			90			2331.921875
			84			2499.921875
			191			2279.921875
			103			2359.921875
			87			2347.921875
			103			2371.921875
			106			2339.921875
			90			2383.921875
			99			2339.921875
			91			2351.921875
			94			2363.921875
			213			2255.921875
			96			2347.921875
			LAPIN
			913			254.30065917968759
			878			252.885253906259
			870			251.230957031259
			868			252.88281259
			1066			249.57128906259
			1035			252.659576416015629
			803			252.65927886962899
			907			251.23144531259
			929			253.729980468759
			976			252.872558593759
			930			253.743652343759
			902			247.9218759
			874			249.57714843759
			902			248.117660522460949
			894			251.233886718759
			872			249.392570495605479
			930			252.670257568359389
			985			252.65983581542979
			908			246.42751312255869
			1113			251.232910156259
		0.010
			WASMA
			1867,50		204,30
			1905,00		202,50
			1859,22		260,05
			2123,88		201,64
			1999,35		200,90
			1770,24		267,27
			2150,98		261,81
			1954,10		261,81
			2038,25		201,02
			2103,26		201,76
			2015,54		219,98
			2107,44		204,91
			1873,30		201,64
			1796,77		262,16
			1944,54		263,57
			1981,70		222,11
			2210,00		262,15
			2148,50		218,39
			1875,89		261,94
			2031,48		205,98
			===================
			1838,96		263,57
			2367,48		263,57
			2311,63		265,22
			1975,50		263,57
			2241,29		263,57
			1879,99		262,16
			2102,79		204,35
			2107,66		263,53
			2180,07		201,06
			2301,44		203,63
			2017,45		225,08
			2146,33		203,55
			2030,86		204,33
			2164,80		202,72
			1931,11		201,35
			1976,81		261,81
			2044,03		206,76
			2127,67		259,63
			1915,45		263,57
			2232,40		213,97
			PrefixSpan
			440			49.503448486328125
			419			49.47589111328125
			495			49.53887176513672
			415			49.444786071777344
			469			49.45262145996094
			416			49.50189971923828
			444			49.499359130859375
			461			49.53594970703125
			470			49.52228546142578
			467			49.460777282714844
			424			49.508567810058594
			475			49.49156188964844
			472			49.482887268066406
			421			49.50666809082031
			565			49.504638671875
			366			49.5147705078125
			341			49.47069549560547
			420			49.541748046875
			469			49.501495361328125
			446			49.50977325439453
			CM-SPADE
			283			2479.9552612304688
			295			2491.9552612304688
			321			2503.921875
			300			2479.9552612304688
			321			2523.944137573242
			321			2475.9552612304688
			388			2388.0345153808594
			385			2384.0345153808594
			305			2479.921875
			390			2376.0345153808594
			293			2519.944137573242
			299			2483.9552612304688
			304			2464.0345153808594
			296			2507.921875
			301			2479.9552612304688
			324			2548.0345153808594
			311			2483.9552612304688
			293			2519.921875
			433			2392.0345153808594
			293			2495.9552612304688
			LAPIN
			2833			414.88623046875399
			2849			426.255859375399
			2837			423.921875399
			2662			426.53125399
			2734			426.52587890625399
			2703			426.52392578125399
			2692			426.521484375399
			2758			414.88330078125399
			2813			430.927734375399
			2624			421.12939453125399
			2749			423.73486328125399
			2699			431.73876953125399
			2787			423.748046875399
			2764			426.53076171875399
			2995			426.24853515625399
			2724			429.14453125399
			2757			429.12158203125399
			2800			426.2587890625399
			2772			426.52734375399
			2633			426.53173828125399
		0.001
			WASMA
			10788,95		1205,15
			10898,28		3926,44
			10548,22		3234,63
			10196,19		3348,79
			10878,64		1326,52
			11076,84		794,81
			10724,11		1212,71
			10985,42		1156,00
			10488,80		1059,05
			10754,19		3572,52
			10173,07		2975,02
			10591,56		510,51
			10357,22		3462,20
			10132,20		2793,88
			10435,16		2771,03
			10296,73		2916,51
			10639,59		1496,87
			10455,98		2797,59
			10595,56		3418,55
			10870,13		1389,81
			===================
			timeout
			PrefixSpan
			timeout
			CM-SPADE
			timeout
			LAPIN
			timeout
	BMS1_spmf.txt
		0.100
			WASMA
			879,02		260,69
			911,78		260,69
			871,29		260,01
			896,09		260,69
			995,62		264,85
			992,01		272,57
			1020,33		260,45
			1028,34		276,93
			1020,16		272,80
			1018,69		273,94
			1034,52		272,57
			1050,11		265,94
			1030,56		272,57
			999,48		272,80
			1028,76		261,92
			979,83		272,80
			989,68		272,56
			1041,34		274,18
			1020,78		259,78
			1021,70		271,35
			===================
			1035,06		267,32
			1022,29		271,20
			1029,75		273,95
			1018,51		265,94
			995,89		273,95
			995,73		260,45
			999,57		272,57
			1047,28		259,79
			1029,25		272,57
			1005,67		260,45
			1023,70		263,38
			1034,00		272,57
			1013,62		273,94
			1033,50		277,17
			1036,94		264,81
			1024,75		272,57
			1024,28		272,51
			1012,61		261,92
			993,07		272,80
			1021,83		259,78
			PrefixSpan
			240			0.0
			249			0.0
			278			0.0
			183			0.0
			271			0.0
			282			0.0
			268			0.0
			230			0.0
			230			0.0
			176			0.0
			190			0.0
			228			0.0
			253			0.0
			235			0.0
			187			0.0
			190			0.0
			242			0.0
			267			0.0
			242			0.0
			184			0.0
			CM-SPADE
			22			304.32965087890625
			17			311.77662658691406
			16			312.5715026855469
			14			301.6490020751953
			16			355.8876037597656
			19			301.26490783691406
			15			357.32093811035156
			16			302.24476623535156
			16			314.2665100097656
			14			305.6546936035156
			14			312.4142761230469
			14			352.1770782470703
			15			303.7043762207031
			22			356.27606201171875
			17			358.8103332519531
			15			313.2014923095703
			39			283.7312316894531
			35			282.76336669921875
			14			355.91156005859375
			16			349.75579833984375
			LAPIN
			577			115.430671691894530
			532			116.33119964599610
			621			113.10080718994140
			469			118.709899902343750
			471			118.719146728515620
			474			118.67258453369140
			469			118.760299682617190
			580			122.753280639648440
			517			121.084167480468750
			520			116.328643798828120
			572			118.66589355468750
			529			115.497016906738280
			683			116.26401519775390
			585			123.719566345214840
			583			115.459579467773440
			543			118.678314208984380
			531			116.3122558593750
			562			122.759246826171880
			469			118.697280883789060
			531			116.320861816406250
		0.010
			WASMA
			1643,35		270,76
			1448,55		272,75
			1524,65		275,77
			1435,23		275,20
			1522,59		273,92
			1492,65		276,38
			1468,30		278,22
			1464,85		267,47
			1423,34		281,92
			1441,89		275,54
			1443,04		288,59
			1484,03		275,75
			1422,31		282,04
			1465,91		260,42
			1478,14		283,23
			1423,59		292,38
			1483,21		260,38
			1472,23		275,76
			1437,49		257,60
			1498,33		295,99
			===================
			1230,05		300,45
			1386,36		310,04
			1229,39		313,95
			1212,10		304,57
			1402,30		312,57
			1264,25		230,87
			1402,60		314,18
			1244,95		308,45
			1188,52		299,77
			1290,59		311,20
			1247,96		311,20
			1217,54		300,45
			1355,98		312,57
			1240,44		308,45
			1200,25		305,95
			1261,19		312,80
			1386,97		311,44
			1225,41		308,45
			1188,18		312,75
			1254,07		312,80
			PrefixSpan
			300			29.781158447265625
			326			29.595108032226562
			282			29.61066436767578
			332			29.599021911621094
			305			29.64026641845703
			329			29.835250854492188
			249			30.1949462890625
			320			29.630287170410156
			379			29.646682739257812
			322			29.855224609375
			331			29.7630615234375
			277			29.593894958496094
			305			29.58533477783203
			326			29.601280212402344
			314			29.602935791015625
			324			29.621627807617188
			259			29.572402954101562
			299			29.620399475097656
			248			30.203170776367188
			322			29.57909393310547
			CM-SPADE
			117			349.8545379638672
			166			304.40087890625
			138			301.44994354248047
			145			341.66004180908203
			144			315.0735092163086
			144			322.84474182128906
			130			340.71612548828125
			117			345.1063995361328
			131			353.4297332763672
			123			340.1143112182617
			144			314.2878952026367
			151			294.3038787841797
			127			341.40975189208984
			163			313.63985443115234
			120			341.63002014160156
			136			350.6084671020508
			127			350.2515106201172
			136			305.8544921875
			148			320.7545700073242
			128			340.9372024536133
			LAPIN
			1392			348.992477416992277
			1357			346.017723083496177
			1419			370.477127075195377
			1396			353.9690780639648477
			1407			357.0320968627929777
			1453			354.4780349731445377
			1351			399.92187577
			1478			399.6601562577
			1323			397.731445312577
			1318			354.4784011840820377
			1443			399.6596679687577
			1359			356.640777587890677
			1516			357.0333633422851677
			1484			356.619850158691477
			1353			356.6231765747070377
			1430			399.6674804687577
			1403			351.140281677246177
			1460			399.6674804687577
			1485			367.36523437577
			1518			351.138626098632877
		0.001
			WASMA
			3408,71		535,57
			3479,49		830,17
			3291,04		437,40
			3587,66		620,70
			3433,15		792,52
			3570,60		302,05
			3511,32		790,08
			3473,40		814,16
			3585,12		529,26
			3366,28		660,28
			3516,83		502,73
			3511,05		535,17
			3406,86		850,09
			3485,15		891,02
			3272,37		700,51
			3423,75		2627,94
			3251,42		905,51
			3678,59		373,23
			3413,41		723,97
			3311,92		756,31
			===================
			2787,62		528,26
			2640,80		557,21
			2672,31		565,65
			2624,10		527,53
			2416,62		517,04
			2753,03		519,19
			2445,67		482,48
			2644,68		519,53
			2390,50		464,55
			2475,07		510,80
			2457,21		520,56
			2668,97		359,89
			2506,14		520,55
			2392,92		536,56
			2637,15		608,23
			2443,45		527,27
			2449,31		541,04
			2401,17		528,56
			2491,47		543,29
			2444,03		512,56
			PrefixSpan
			782			158.93389892578125
			898			158.66716766357422
			898			203.00428771972656
			813			186.99867248535156
			811			159.0165786743164
			872			159.0228042602539
			898			158.47582244873047
			866			159.02268981933594
			879			203.0093765258789
			797			203.0280532836914
			876			158.7564926147461
			812			158.77190399169922
			833			158.50015258789062
			786			159.0072479248047
			878			158.74471282958984
			851			158.74874114990234
			865			158.75276947021484
			909			159.0275650024414
			828			159.01268768310547
			846			159.0162124633789
			CM-SPADE
			3240			480.00392150878906
			3247			3069.62158203125
			3313			3073.189453125
			3162			550.2016220092773
			2597			1225.9953002929688
			3082			1040.5356826782227
			3135			1542.6118927001953
			3300			611.6039581298828
			3113			1181.7733917236328
			3294			1572.8062438964844
			3201			1562.5640411376953
			3407			3116.224952697754
			3362			3089.94970703125
			3175			1255.6177062988281
			3283			3071.81201171875
			2982			1255.8957824707031
			3194			2562.104476928711
			3366			3117.2623291015625
			3042			954.2103652954102
			3364			3075.38525390625
			LAPIN
			6891			606.66699218753991
			6683			615.9218753991
			6864			614.66308593753991
			6785			615.9218753991
			6864			607.9218753991
			6913			617.53474426269533991
			6699			614.643066406253991
			6918			615.9218753991
			6686			614.66894531253991
			6717			603.29442596435553991
			6793			607.9218753991
			6668			611.293457031253991
			6771			599.9218753991
			6687			607.9218753991
			6718			611.285644531253991
			6757			599.9218753991
			6705			599.9218753991
			6738			617.54031372070313991
			8090			615.9218753991
			6747			614.16506958007813991
	BIBLE.txt
		0.100
			WASMA
			5418,13		890,12
			5221,61		911,66
			5561,46		912,25
			6006,23		885,60
			5685,70		958,26
			5119,33		802,10
			5391,91		806,40
			5077,02		915,66
			5429,39		813,55
			5526,01		808,25
			5966,01		950,26
			5738,45		911,66
			5644,41		922,31
			5890,45		877,60
			5728,03		806,41
			5545,35		847,62
			5688,38		816,35
			5752,82		926,31
			5570,88		847,62
			5624,71		858,48
			===================
			5957,23		935,58
			5886,60		1046,31
			5934,93		1018,71
			6158,09		1043,66
			5602,93		982,41
			5788,95		1007,66
			5744,85		982,40
			5713,83		999,62
			5820,36		996,31
			5651,54		1011,66
			5866,39		939,06
			5614,31		927,58
			5617,94		939,58
			5849,24		981,52
			6058,72		1046,31
			5591,29		874,41
			5526,41		903,60
			5787,90		1038,26
			5593,36		919,58
			5733,87		861,87
			PrefixSpan
			906			157.82275390625
			903			157.0101318359375
			860			156.26419067382812
			948			155.39599609375
			943			155.39505004882812
			935			155.39247131347656
			932			156.99813842773438
			916			155.41981506347656
			929			155.3592529296875
			913			156.0659408569336
			943			156.07606506347656
			937			156.08624267578125
			920			155.40951538085938
			1000			155.40577697753906
			939			156.96981811523438
			965			155.3822250366211
			973			155.39920043945312
			900			155.4375
			912			157.89722442626953
			960			156.07565307617188
			CM-SPADE
			770			3135.921875
			753			3115.923828125
			888			3143.921875
			720			3167.921875
			720			3139.921875
			708			3191.921875
			824			3139.923828125
			645			3143.921875
			743			3163.921875
			749			3147.921875
			686			3147.923828125
			759			3135.921875
			681			3167.921875
			692			3147.921875
			683			3111.921875
			744			3131.921875
			773			3191.921875
			774			3151.921875
			758			3151.921875
			780			3159.921875
			LAPIN
			8026			1455.923828125174
			7844			1507.921875174
			7488			1511.921875174
			7855			1523.921875174
			7424			1527.9218673706055174
			7348			1543.921875174
			7803			1515.921875174
			7863			1535.921875174
			7803			1519.921875174
			7790			1519.921875174
			7813			1507.921875174
			7436			1515.921875174
			7356			1535.921875174
			7441			1519.9218673706055174
			7787			1511.921875174
			7403			1519.921875174
			7289			1503.921875174
			7346			1527.921875174
			7308			1515.921875174
			7785			1507.921875174
		0.010
			WASMA
			32441,76		2603,24
			32462,46		2129,27
			31896,04		1239,53
			30745,99		1891,74
			31156,88		2354,04
			31330,39		4577,85
			31896,93		1697,55
			30094,86		3593,34
			29574,92		2554,50
			31882,65		2821,24
			30624,93		2761,94
			30852,69		6011,04
			31606,63		2015,66
			32102,16		3879,09
			31798,33		1293,98
			30322,29		2941,80
			31333,77		5052,01
			32431,36		3002,38
			30280,05		2351,09
			31269,81		1986,70
			===================
			46301,31		2504,73
			49305,71		3026,07
			49462,03		2840,68
			49421,83		2024,37
			47863,56		2960,82
			45437,49		2921,22
			49540,03		3105,10
			49350,60		3332,96
			48372,13		2898,67
			48620,32		2470,67
			49063,13		3165,27
			47052,30		2866,86
			49391,67		2968,88
			48746,57		3167,33
			46171,57		3173,35
			45856,34		2555,64
			45763,35		3155,34
			47604,70		3517,73
			46907,49		1651,85
			48606,29		3174,52
			PrefixSpan
			7330			508.95723724365234
			7376			505.06932067871094
			7404			509.15673828125
			7346			504.6201477050781
			7349			497.07481384277344
			7338			496.8379135131836
			7417			496.8953094482422
			7657			483.2232666015625
			7344			505.0592498779297
			7530			489.9397888183594
			7290			515.531982421875
			7525			500.1493225097656
			7604			500.4146423339844
			7536			499.8077697753906
			7532			508.82501220703125
			7560			508.6028747558594
			7320			513.7720489501953
			7516			571.8466949462891
			7627			500.1452331542969
			7498			508.7223815917969
			CM-SPADE
			21657			9779.996978759766
			21165			3667.9969787597656
			21520			9419.996978759766
			21347			7439.192779541016
			18231			6731.818267822266
			21519			4293.792388916016
			21371			5739.996978759766
			21635			4101.641510009766
			21552			3863.6952209472656
			21155			4397.4580154418945
			21412			4289.094146728516
			21031			3552.0908279418945
			21442			5845.987213134766
			21562			4001.6230545043945
			21359			3831.3753967285156
			21601			9724.090827941895
			21319			3095.921875
			21570			4077.2328186035156
			21283			3625.4536209106445
			20966			9343.996978759766
			LAPIN
			182447			1843.92187523340
			181335			1847.92187523340
			181139			1843.92187523340
			173990			1839.92187523340
			177522			1851.92187523340
			174240			1851.92187523340
			181499			1839.92187523340
			173182			1851.92187523340
			182636			1855.92187523340
			188034			1843.92187523340
			177750			1843.92187523340
			179906			1839.92187523340
			182819			1839.92187523340
			185483			1847.92187523340
			173980			1851.92187523340
			185314			1843.92187523340
			187045			1839.92187523340
			184183			1859.92187523340
			182264			1847.92187523340
			174330			1851.92187523340
		0.001
			WASMA
			310008,50		6633,70
			305525,57		7026,30
			305148,51		7310,20
			312721,67		6533,75
			304638,94		7035,91
			308244,18		6725,72
			307732,32		5830,45
			314702,37		6738,97
			308547,30		6965,26
			305503,87		7207,20
			310359,16		6959,71
			308765,45		6711,27
			303630,09		5932,88
			309439,03		6537,67
			309586,81		6485,41
			304623,08		6024,70
			303362,52		7381,24
			305736,85		6298,04
			307665,38		6206,26
			304157,42		5992,40
			===================
			597991,00		3548,25
			599955,81		2500,91
			597602,58		2647,60
			596520,71		1616,89
			599143,84		2177,11
			602415,51		2104,08
			605099,80		1968,94
			598383,12		2276,07
			601006,90		3953,02
			597819,34		2169,00
			612696,85		2188,88
			737371,72		3952,95
			632508,98		3922,81
			621646,53		4945,04
			618392,95		1907,59
			605229,03		2720,87
			611959,59		3908,33
			613419,26		3956,99
			595194,88		3687,78
			596992,05		3991,60
			PrefixSpan
			170604			1379.73095703125
			170394			1339.73583984375
			171235			1331.90087890625
			169992			1355.720703125
			170174			1347.85205078125
			170237			1339.93408203125
			169087			1372.0947265625
			170512			1331.93701171875
			170005			1339.77099609375
			170205			1348.0947265625
			168964			1299.7373046875
			172482			1356.63525390625
			271938			1581.7186889648438
			248591			1366.779296875
			195478			1185.5382919311523
			177065			1339.90625
			178841			1299.7513961791992
			176295			1233.02392578125
			175884			1323.9580078125
			183370			1331.7392578125
			CM-SPADE
			timeout
			LAPIN
			timeout
