	kosarak25k.txt
		0.100
			WASMA
			1803.15		559.04
			1949.09		543.04
			1864.07		542.20
			1819.73		526.86
			1911.71		545.19
			1802.40		525.22
			1778.41		509.74
			1715.18		578.77
			1793.90		545.21
			1896.08		542.29
			===================
			2107.87		614.58
			2094.68		582.01
			2110.53		611.88
			2053.95		575.49
			2091.04		582.03
			2145.24		541.42
			1990.67		586.73
			1992.54		607.60
			1946.31		580.32
			1940.83		614.57
			PrefixSpan
			175			31.15875244140625
			183			31.139503479003906
			206			31.17450714111328
			185			31.143417358398438
			214			31.152992248535156
			222			31.1431884765625
			200			31.193145751953125
			197			31.152626037597656
			180			31.13031005859375
			223			31.05059814453125
			CM-SPADE
			51			2577.0317001342773
			51			2440.772018432617
			72			2465.0317001342773
			58			2504.0540771484375
			63			2497.0317001342773
			66			2409.0317001342773
			67			2537.0317001342773
			72			2599.65478515625
			81			2489.0317001342773
			82			2481.0317001342773
			LAPIN
			647			239.6965332031259
			652			241.124496459960949
			691			244.133148193359389
			632			242.018608093261729
			666			236.848579406738289
			628			243.19470214843759
			634			244.74031066894539
			662			239.772041320800789
			625			242.66701507568369
			599			241.87802886962899
		0.010
			WASMA
			2298.06		614.71
			2391.25		521.43
			2307.51		517.78
			2079.78		638.26
			2293.28		614.70
			2412.72		617.11
			2210.30		638.28
			2139.39		638.19
			2306.18		522.32
			2110.32		572.14
			===================
			3492.49		604.29
			3500.08		1012.85
			3499.99		593.88
			3294.77		962.52
			3405.90		951.22
			3345.77		948.07
			3354.89		1012.81
			3541.88		582.10
			3278.26		955.55
			3381.95		601.43
			PrefixSpan
			282			51.647064208984375
			374			51.705543518066406
			401			51.70112609863281
			344			51.687461853027344
			399			51.65668487548828
			377			51.636009216308594
			349			51.607948303222656
			374			51.6859130859375
			342			51.68412780761719
			314			51.64025115966797
			CM-SPADE
			176			2673.0317001342773
			256			2641.0317001342773
			276			2665.1423873901367
			162			2681.063133239746
			159			2649.0317001342773
			298			2393.0297470092773
			244			2617.1423873901367
			168			2545.0317001342773
			288			2633.1423873901367
			244			2649.0317001342773
			LAPIN
			2294			420.47887420654297399
			2205			419.79798126220703399
			2293			432.23047637939453399
			2479			439.96509552001953399
			2237			418.87357330322266399
			2329			435.0643539428711399
			2253			416.6739959716797399
			2326			433.02974700927734399
			2311			432.0744857788086399
			2292			438.8050842285156399
		0.001
			WASMA
			11990.57		2689.32
			11749.83		2887.30
			12010.38		2470.76
			13177.38		4862.14
			12533.05		1874.40
			11963.67		2649.45
			11738.01		2776.27
			11838.40		2623.02
			11998.20		2577.19
			11877.20		2512.09
			===================
			timeout
			PrefixSpan
			timeout
			CM-SPADE
			timeout
			LAPIN
			timeout
	BMS1_spmf.txt
		0.100
			WASMA
			838.86		264.30
			926.91		268.70
			930.12		276.31
			908.07		271.64
			906.00		269.50
			901.33		270.30
			882.58		268.69
			883.37		270.22
			922.68		271.04
			905.63		270.30
			===================
			914.33		272.35
			901.65		265.47
			937.26		270.32
			964.56		270.31
			955.09		268.69
			916.64		269.50
			935.64		269.50
			919.58		269.49
			935.98		266.28
			942.05		269.50
			PrefixSpan
			144			0.0
			149			0.0
			156			0.0
			129			0.0
			188			0.0
			121			0.0
			173			0.0
			139			0.0
			138			0.0
			163			0.0
			CM-SPADE
			17			333.1236801147461
			17			333.77239990234375
			18			331.159423828125
			17			330.55049896240234
			18			331.90211486816406
			17			331.75535583496094
			19			330.9132843017578
			18			328.87754821777344
			18			331.1485900878906
			17			330.57814025878906
			LAPIN
			313			84.333389282226560
			308			83.218025207519530
			315			82.354827880859380
			353			82.572677612304690
			310			83.21144866943360
			316			81.565971374511720
			314			83.383354187011720
			297			82.552993774414060
			316			82.4919433593750
			304			82.638198852539060
		0.010
			WASMA
			1132.99		294.93
			1089.79		276.24
			1104.02		276.58
			1071.46		267.27
			1100.46		265.56
			1042.28		410.48
			1080.05		409.51
			1099.03		257.92
			1140.77		263.42
			1074.70		294.19
			===================
			1054.65		307.87
			1122.34		307.87
			1036.51		307.87
			1065.16		308.53
			1076.70		306.26
			1035.51		304.67
			1086.14		312.78
			1095.88		305.47
			1060.33		307.07
			1107.44		307.88
			PrefixSpan
			202			38.846046447753906
			220			38.82373809814453
			199			38.289451599121094
			193			38.991294860839844
			202			38.60051727294922
			191			38.88352966308594
			209			38.95939636230469
			203			39.032386779785156
			179			38.91108703613281
			218			38.87531280517578
			CM-SPADE
			126			257.28380584716797
			146			242.67068481445312
			126			256.48140716552734
			83			305.43628692626953
			138			242.85462188720703
			137			257.17999267578125
			126			275.34764099121094
			83			305.3224639892578
			142			256.3500213623047
			147			243.28453063964844
			LAPIN
			944			398.1642913818359477
			972			398.567794799804777
			968			398.583641052246177
			926			393.9210052490234477
			974			400.997383117675877
			966			399.186737060546977
			962			396.001045227050877
			945			399.8034515380859477
			938			398.570045471191477
			952			404.6905670166015677
		0.001
			WASMA
			3361.64		2860.51
			3365.19		2830.77
			3280.10		2500.60
			3333.97		2797.93
			3335.35		2801.66
			3320.64		2798.38
			3306.97		2813.29
			3328.19		2848.79
			3411.89		2860.04
			3358.65		2811.39
			===================
			2018.78		414.32
			1986.20		414.11
			2090.49		490.88
			2084.90		460.91
			1972.84		411.35
			2023.19		428.95
			2086.33		488.64
			2053.28		463.68
			2032.35		414.06
			2050.84		413.99
			PrefixSpan
			650			247.3584976196289
			584			216.56761932373047
			614			232.1380615234375
			624			246.9822769165039
			596			216.59888458251953
			581			216.4630126953125
			592			216.55831909179688
			572			216.2157440185547
			664			247.18905639648438
			599			216.20849609375
			CM-SPADE
			2466			642.1061172485352
			3181			908.5641174316406
			2483			624.2377777099609
			3179			782.4728317260742
			3174			869.9059524536133
			3251			749.6456298828125
			3148			917.7541122436523
			2422			530.7170181274414
			2512			608.940315246582
			3071			2414.562843322754
			LAPIN
			4929			601.44646453857423991
			4971			586.65609741210943991
			4949			590.42681121826173991
			5095			596.21859741210943991
			4920			594.49729919433593991
			4944			597.62039184570313991
			5095			608.45468139648443991
			4934			600.29712677001953991
			4989			606.1009597778323991
			4999			596.22007751464843991
	LEVIATHAN.txt
		0.100
			WASMA
			2826.72		514.11
			2869.16		534.53
			2792.49		514.50
			2717.06		529.25
			2810.03		510.04
			2856.43		439.86
			2850.27		512.26
			2773.36		531.69
			2992.10		512.24
			2875.42		512.97
			===================
			5435.22		1214.58
			5373.17		1176.33
			5169.52		1179.88
			5454.82		1195.05
			5399.42		1192.84
			5380.12		1198.40
			5398.22		1155.34
			5180.54		1178.07
			5138.51		1159.92
			5166.48		1164.38
			PrefixSpan
			427			84.38849639892578
			469			84.6443862915039
			390			72.42115783691406
			471			72.27794647216797
			411			72.4242935180664
			428			83.97162628173828
			408			84.24091339111328
			415			72.47274017333984
			376			72.70633697509766
			453			72.47062683105469
			CM-SPADE
			342			293.87012481689453
			337			260.7821044921875
			364			255.9786605834961
			337			255.50533294677734
			338			262.5694580078125
			367			320.24888610839844
			311			323.57445526123047
			335			256.63990783691406
			301			394.4067077636719
			367			297.42002868652344
			LAPIN
			2938			293.1871109008789651
			2934			292.33636474609375651
			2826			295.01050567626953651
			2903			298.7027587890625651
			2927			291.42335510253906651
			2864			294.1145782470703651
			2984			293.22533416748047651
			2955			296.88098907470703651
			2837			297.7925567626953651
			2867			295.03124237060547651
		0.010
			WASMA
			28820.52		2402.72
			28632.56		2355.34
			28638.07		1570.44
			28666.34		1483.44
			28772.69		685.57
			29281.08		1958.45
			28416.79		1719.33
			28898.33		2328.71
			30242.97		1161.43
			28480.25		1920.39
			===================
			62422.58		4531.46
			62990.93		2253.14
			62351.79		3918.98
			62408.64		4613.39
			62419.98		2828.55
			63225.99		3422.84
			62188.55		2474.92
			62193.90		3080.20
			61819.52		2841.32
			62458.99		2839.06
			PrefixSpan
			9751			730.1870803833008
			9967			683.5202865600586
			9818			872.5736389160156
			9773			730.625244140625
			10025			810.2313919067383
			9745			730.6337203979492
			9705			682.0040969848633
			9801			762.8924942016602
			9775			730.1688690185547
			9715			730.2241287231445
			CM-SPADE
			23660			1483.5176315307617
			25791			2860.0270614624023
			23264			3118.2954635620117
			26494			1563.233787536621
			25683			4545.662376403809
			22923			4529.69686126709
			23684			1840.395118713379
			23060			3698.074462890625
			23705			1377.1401443481445
			23772			1880.654655456543
			LAPIN
			91737			631.2389297485352167189
			91691			650.4643020629883167189
			92758			910.023193359375167189
			91783			650.3555679321289167189
			93020			650.0773544311523167189
			91732			646.8393173217773167189
			92683			651.0724639892578167189
			91437			650.0820236206055167189
			91617			652.3005294799805167189
			94017			649.1443023681641167189
		0.001
			WASMA
			timeout
			===================
			timeout
			PrefixSpan
			365787			984.1517944335938
			364055			984.6690292358398
			370543			983.8153686523438
			368820			983.0087966918945
			369605			982.5606307983398
			369045			984.0198822021484
			370115			983.2018890380859
			369689			982.5024108886719
			367839			982.5271530151367
			367622			983.3523330688477
			CM-SPADE
			timeout
			LAPIN
			timeout
	SIGN.txt
		0.100
			WASMA
			13397.03		777.32
			13368.49		901.83
			13133.64		860.13
			13021.54		1084.58
			13352.32		749.40
			13417.04		827.65
			13347.18		812.40
			13202.34		886.00
			13302.32		1154.61
			13522.94		668.19
			===================
			19109.83		450.05
			20108.01		433.43
			19389.43		738.70
			19021.45		514.20
			18988.29		131.51
			19188.57		769.35
			19089.46		514.68
			19315.56		523.31
			20043.47		1185.25
			20055.69		1330.40
			PrefixSpan
			3858			468.3641357421875
			3901			404.4269256591797
			3886			484.2825469970703
			3847			484.4488830566406
			3863			468.65419006347656
			3893			468.0779495239258
			3832			468.36419677734375
			3828			468.27286529541016
			3933			468.2738342285156
			3846			483.57059478759766
			CM-SPADE
			2104			484.3720245361328
			2055			79.08158874511719
			2090			77.46691131591797
			2048			79.36003112792969
			2060			45.82456970214844
			2077			61.9482421875
			2024			111.28643035888672
			2049			126.49693298339844
			2087			127.09351348876953
			2071			110.50306701660156
			LAPIN
			18364			299.12060546875110417
			18479			299.5770492553711110417
			18331			299.67333984375110417
			18097			298.9062271118164110417
			17923			298.89698028564453110417
			18382			299.6456298828125110417
			18554			299.2678756713867110417
			17939			299.10477447509766110417
			17843			299.2818603515625110417
			18499			299.07323455810547110417
		0.010
			WASMA
			timeout
			===================
			timeout
			PrefixSpan
			533041			595.6054840087891
			524712			595.673713684082
			559140			548.3678741455078
			530685			580.0447616577148
			528849			595.5067977905273
			522746			579.9658126831055
			558554			579.3806533813477
			525870			611.5601043701172
			559009			595.5623092651367
			526215			580.0260772705078
			CM-SPADE
			840587			714.7274475097656
			862647			781.90087890625
			823771			1288.3788681030273
			723673			684.4298095703125
			724474			1215.4523849487305
			846511			371.18701171875
			862941			306.16868591308594
			825056			1095.6190490722656
			866887			1391.047233581543
			timeout
			LAPIN
			timeout
		0.001
			WASMA
			timeout
			===================
			timeout
			PrefixSpan
			timeout
			CM-SPADE
			timeout
			LAPIN
			timeout
	FIFA.txt
		0.100
			WASMA
			370813.72		8429.68
			372719.33		3774.40
			367451.58		8379.36
			373855.55		4194.35
			370206.36		3700.42
			369850.17		5975.04
			369809.27		9062.40
			364701.86		7864.34
			369694.22		7914.33
			366777.10		6047.82
			===================
			898737.77		5952.95
			898616.97		3063.86
			timeout
			PrefixSpan
			48915			1225.3385543823242
			48778			1225.1934432983398
			48825			1097.2144622802734
			48813			1272.7469863891602
			48955			1369.0553894042969
			48718			1176.5585403442383
			48677			1305.5239868164062
			47989			1369.5685501098633
			49101			1370.9207229614258
			48954			1304.569969177246
			CM-SPADE
			51908			3913.3445358276367
			52395			5275.308464050293
			51151			2637.074821472168
			51215			2285.950553894043
			52516			7145.031700134277
			54382			4837.627822875977
			54300			5531.103042602539
			51854			4236.6884689331055
			51830			1462.7942199707031
			51379			4579.114036560059
			LAPIN
			timeout
		0.010
			WASMA
			timeout
			===================
			timeout
			PrefixSpan
			timeout
			CM-SPADE
			timeout
			LAPIN
			timeout
		0.001
			WASMA
			timeout
			===================
			timeout
			PrefixSpan
			timeout
			CM-SPADE
			timeout
			LAPIN
			timeout
	BIBLE.txt
		0.100
			WASMA
			5772.84		1438.23
			5764.45		1496.38
			5659.11		1507.41
			5863.66		1167.04
			5696.57		1519.04
			5778.22		1092.89
			5803.29		1177.73
			5696.76		1065.32
			5658.40		1503.04
			5821.60		1084.30
			===================
			9126.19		1432.75
			9117.06		1401.77
			9064.42		1237.11
			9130.60		1639.35
			9195.13		1201.44
			9104.83		1414.71
			8909.40		1634.93
			8993.78		1330.24
			9168.76		1469.02
			8996.92		1326.72
			PrefixSpan
			831			246.42076110839844
			883			246.53012084960938
			811			246.2942657470703
			820			246.3330535888672
			839			246.28743743896484
			822			246.40982055664062
			795			246.4355926513672
			820			246.43968200683594
			807			246.5247039794922
			853			246.3754653930664
			CM-SPADE
			542			3225.0297470092773
			482			3025.0297470092773
			485			3217.0297470092773
			429			3585.0297470092773
			453			3585.0297470092773
			449			3441.0297470092773
			459			3577.0297470092773
			467			3065.0297470092773
			486			3585.0297470092773
			450			3617.0297470092773
			LAPIN
			6935			1623.5032043457031174
			7149			1617.0297470092773174
			7175			1585.0297470092773174
			7017			1560.7533645629883174
			6961			1490.682601928711174
			7045			1547.8376159667969174
			7066			1607.751235961914174
			7159			1599.4591903686523174
			7042			1607.1844177246094174
			7177			1564.839485168457174
		0.010
			WASMA
			35065.62		3705.82
			36522.22		5958.15
			35436.06		4447.66
			35029.61		3172.45
			35392.74		1482.62
			34678.67		3493.59
			34772.12		3061.64
			35526.24		1546.38
			36645.85		6246.85
			34778.44		4049.07
			===================
			72870.29		5268.84
			73768.06		3470.99
			73688.25		2421.03
			73662.32		5120.13
			72343.22		6495.26
			73844.37		3249.00
			74167.00		3041.86
			74237.50		3339.17
			74108.70		2076.56
			73236.67		4716.38
			PrefixSpan
			7352			623.1120376586914
			7356			637.6772308349609
			7293			609.8401107788086
			7365			650.9636154174805
			7318			651.722412109375
			7444			622.2411727905273
			7276			638.6923751831055
			7262			637.8622970581055
			7294			654.0696487426758
			7357			622.585693359375
			CM-SPADE
			21818			12556.529014587402
			21802			12495.753646850586
			21766			4377.752006530762
			21698			10832.053848266602
			21769			12384.251571655273
			21922			12348.506217956543
			21727			8298.009498596191
			22639			12394.58065032959
			22487			12458.561889648438
			21620			8675.045234680176
			LAPIN
			159955			2374.438941955566423340
			161459			2390.3687362670923340
			161465			2024.27807617187523340
			160914			2177.88318634033223340
			161567			2023.071342468261723340
			159241			2425.059005737304723340
			161883			2244.4527206420923340
			159952			2386.49488830566423340
			161488			2015.016105651855523340
			160443			2266.348182678222723340
		0.001
			WASMA
			311396.77		6428.69
			311143.29		6338.41
			310792.86		8916.08
			311412.58		9888.72
			310264.99		6375.04
			310366.19		6257.77
			310540.24		6333.16
			315444.55		6415.04
			315471.34		6959.10
			312520.96		10143.63
			===================
			661503.24		7393.05
			662980.82		4901.38
			663238.23		2149.66
			659467.59		6056.56
			675423.11		5444.09
			698337.66		8214.29
			696911.82		2496.46
			693907.52		5120.10
			698910.89		7865.36
			698163.88		3546.16
			PrefixSpan
			171645			1392.9772109985352
			171498			1463.374885559082
			169341			1586.210823059082
			170855			1416.8375701904297
			169323			1456.9089736938477
			172301			1416.5576171875
			171609			1328.355354309082
			170851			1416.3708724975586
			170062			1544.8321228027344
			167783			1489.462547302246
			CM-SPADE
			timeout
			LAPIN
			timeout
