Database: ../in4.txt; Alphabet size: 3; Database size: 4
Preprocessing time: 7 ms
NFA States: 50
[1, -1] : 3
[1, -1, 1, -1] : 1
[1, -1, 1, -1, 1, -1] : 1
[1, -1, 1, -1, 1, -1, 1, -1] : 1
[1, -1, 1, -1, 1, -1, 1, -1, 1, -1] : 1
[1, -1, 1, -1, 1, -1, 1, -1, 1, -1, 1, -1] : 1
[1, -1, 2, -1] : 2
[1, -1, 2, -1, 2, -1] : 1
[1, -1, 2, -1, 2, -1, 2, -1] : 1
[1, -1, 2, -1, 2, -1, 2, -1, 2, -1] : 1
[1, -1, 2, -1, 2, -1, 2, -1, 2, -1, 2, -1] : 1
[1, -1, 2, -1, 2, -1, 2, -1, 2, -1, 2, -1, 2, -1] : 1
[1, -1, 2, -1, 3, -1] : 1
[1, -1, 2, -1, 3, -1, 3, -1] : 1
[1, -1, 2, -1, 3, -1, 3, -1, 3, -1] : 1
[1, -1, 2, -1, 3, -1, 3, -1, 3, -1, 3, -1] : 1
[1, -1, 2, -1, 3, -1, 3, -1, 3, -1, 3, -1, 3, -1] : 1
[1, -1, 2, -1, 3, -1, 3, -1, 3, -1, 3, -1, 3, -1, 3, -1] : 1
[1, -1, 3, -1] : 1
[1, -1, 3, -1, 3, -1] : 1
[1, -1, 3, -1, 3, -1, 3, -1] : 1
[1, -1, 3, -1, 3, -1, 3, -1, 3, -1] : 1
[1, -1, 3, -1, 3, -1, 3, -1, 3, -1, 3, -1] : 1
[1, -1, 3, -1, 3, -1, 3, -1, 3, -1, 3, -1, 3, -1] : 1
[2, -1] : 3
[2, -1, 2, -1] : 1
[2, -1, 2, -1, 2, -1] : 1
[2, -1, 2, -1, 2, -1, 2, -1] : 1
[2, -1, 2, -1, 2, -1, 2, -1, 2, -1] : 1
[2, -1, 2, -1, 2, -1, 2, -1, 2, -1, 2, -1] : 1
[2, -1, 3, -1] : 2
[2, -1, 3, -1, 3, -1] : 2
[2, -1, 3, -1, 3, -1, 3, -1] : 2
[2, -1, 3, -1, 3, -1, 3, -1, 3, -1] : 2
[2, -1, 3, -1, 3, -1, 3, -1, 3, -1, 3, -1] : 2
[2, -1, 3, -1, 3, -1, 3, -1, 3, -1, 3, -1, 3, -1] : 2
[3, -1] : 2
[3, -1, 3, -1] : 2
[3, -1, 3, -1, 3, -1] : 2
[3, -1, 3, -1, 3, -1, 3, -1] : 2
[3, -1, 3, -1, 3, -1, 3, -1, 3, -1] : 2
[3, -1, 3, -1, 3, -1, 3, -1, 3, -1, 3, -1] : 2
Min Supp: 1 (relative : 0,250)
DFA States: 53
Nb Frequent Sequences: 42
Mining time: 2,07 ms
Memory requirement: 0,48 mb
